{
 "cells": [
  {
   "cell_type": "code",
   "execution_count": 1,
   "id": "ec8246ab",
   "metadata": {},
   "outputs": [],
   "source": [
    "import numpy as np"
   ]
  },
  {
   "cell_type": "code",
   "execution_count": 2,
   "id": "131eb340",
   "metadata": {},
   "outputs": [
    {
     "name": "stdout",
     "output_type": "stream",
     "text": [
      "[[  1   2   3   4   5   6   7   8   9  10]\n",
      " [ 11  12  13  14  15  16  17  18  19  20]\n",
      " [ 21  22  23  24  25  26  27  28  29  30]\n",
      " [ 31  32  33  34  35  36  37  38  39  40]\n",
      " [ 41  42  43  44  45  46  47  48  49  50]\n",
      " [ 51  52  53  54  55  56  57  58  59  60]\n",
      " [ 61  62  63  64  65  66  67  68  69  70]\n",
      " [ 71  72  73  74  75  76  77  78  79  80]\n",
      " [ 81  82  83  84  85  86  87  88  89  90]\n",
      " [ 91  92  93  94  95  96  97  98  99 100]]\n"
     ]
    }
   ],
   "source": [
    "mx = np.arange(1,101).reshape(10,10)\n",
    "print(mx)"
   ]
  },
  {
   "cell_type": "code",
   "execution_count": 3,
   "id": "9e0f27db",
   "metadata": {},
   "outputs": [
    {
     "data": {
      "text/plain": [
       "14"
      ]
     },
     "execution_count": 3,
     "metadata": {},
     "output_type": "execute_result"
    }
   ],
   "source": [
    "mx[1,3]"
   ]
  },
  {
   "cell_type": "code",
   "execution_count": 4,
   "id": "d2c62d95",
   "metadata": {},
   "outputs": [
    {
     "name": "stdout",
     "output_type": "stream",
     "text": [
      "[[13 14]\n",
      " [23 24]]\n",
      "2\n"
     ]
    }
   ],
   "source": [
    "a= mx[1:3,2:4]\n",
    "print(a)\n",
    "print(a.ndim)"
   ]
  },
  {
   "cell_type": "code",
   "execution_count": 5,
   "id": "e7dc582d",
   "metadata": {},
   "outputs": [
    {
     "data": {
      "text/plain": [
       "array([[13, 23],\n",
       "       [14, 24]])"
      ]
     },
     "execution_count": 5,
     "metadata": {},
     "output_type": "execute_result"
    }
   ],
   "source": [
    "a.T"
   ]
  },
  {
   "cell_type": "code",
   "execution_count": 6,
   "id": "fb21503d",
   "metadata": {},
   "outputs": [
    {
     "data": {
      "text/plain": [
       "array([[  1,  11,  21,  31,  41,  51,  61,  71,  81,  91],\n",
       "       [  2,  12,  22,  32,  42,  52,  62,  72,  82,  92],\n",
       "       [  3,  13,  23,  33,  43,  53,  63,  73,  83,  93],\n",
       "       [  4,  14,  24,  34,  44,  54,  64,  74,  84,  94],\n",
       "       [  5,  15,  25,  35,  45,  55,  65,  75,  85,  95],\n",
       "       [  6,  16,  26,  36,  46,  56,  66,  76,  86,  96],\n",
       "       [  7,  17,  27,  37,  47,  57,  67,  77,  87,  97],\n",
       "       [  8,  18,  28,  38,  48,  58,  68,  78,  88,  98],\n",
       "       [  9,  19,  29,  39,  49,  59,  69,  79,  89,  99],\n",
       "       [ 10,  20,  30,  40,  50,  60,  70,  80,  90, 100]])"
      ]
     },
     "execution_count": 6,
     "metadata": {},
     "output_type": "execute_result"
    }
   ],
   "source": [
    "mx.T"
   ]
  },
  {
   "cell_type": "code",
   "execution_count": 7,
   "id": "d59cabad",
   "metadata": {},
   "outputs": [
    {
     "data": {
      "text/plain": [
       "array([ 2, 12, 22, 32, 42, 52, 62, 72, 82, 92])"
      ]
     },
     "execution_count": 7,
     "metadata": {},
     "output_type": "execute_result"
    }
   ],
   "source": [
    "mx[:,1]"
   ]
  },
  {
   "cell_type": "code",
   "execution_count": 8,
   "id": "752cf5eb",
   "metadata": {},
   "outputs": [
    {
     "data": {
      "text/plain": [
       "array([11, 12, 13, 14, 15, 16, 17, 18, 19, 20])"
      ]
     },
     "execution_count": 8,
     "metadata": {},
     "output_type": "execute_result"
    }
   ],
   "source": [
    "mx[1,:]"
   ]
  },
  {
   "cell_type": "code",
   "execution_count": 9,
   "id": "f0b768f3",
   "metadata": {},
   "outputs": [
    {
     "data": {
      "text/plain": [
       "array([[11, 12, 13, 14, 15, 16, 17, 18, 19, 20],\n",
       "       [21, 22, 23, 24, 25, 26, 27, 28, 29, 30]])"
      ]
     },
     "execution_count": 9,
     "metadata": {},
     "output_type": "execute_result"
    }
   ],
   "source": [
    "mx[1:3,:]"
   ]
  },
  {
   "cell_type": "code",
   "execution_count": 10,
   "id": "eef462ae",
   "metadata": {},
   "outputs": [
    {
     "data": {
      "text/plain": [
       "array([[  1,   2,   3,   4,   5,   6,   7,   8,   9,  10],\n",
       "       [ 11,  12,  13,  14,  15,  16,  17,  18,  19,  20],\n",
       "       [ 21,  22,  23,  24,  25,  26,  27,  28,  29,  30],\n",
       "       [ 31,  32,  33,  34,  35,  36,  37,  38,  39,  40],\n",
       "       [ 41,  42,  43,  44,  45,  46,  47,  48,  49,  50],\n",
       "       [ 51,  52,  53,  54,  55,  56,  57,  58,  59,  60],\n",
       "       [ 61,  62,  63,  64,  65,  66,  67,  68,  69,  70],\n",
       "       [ 71,  72,  73,  74,  75,  76,  77,  78,  79,  80],\n",
       "       [ 81,  82,  83,  84,  85,  86,  87,  88,  89,  90],\n",
       "       [ 91,  92,  93,  94,  95,  96,  97,  98,  99, 100]])"
      ]
     },
     "execution_count": 10,
     "metadata": {},
     "output_type": "execute_result"
    }
   ],
   "source": [
    "mx[:]"
   ]
  },
  {
   "cell_type": "code",
   "execution_count": 11,
   "id": "b48df517",
   "metadata": {},
   "outputs": [
    {
     "data": {
      "text/plain": [
       "array([[  1,   2,   3,   4,   5,   6,   7,   8,   9,  10],\n",
       "       [ 11,  12,  13,  14,  15,  16,  17,  18,  19,  20],\n",
       "       [ 21,  22,  23,  24,  25,  26,  27,  28,  29,  30],\n",
       "       [ 31,  32,  33,  34,  35,  36,  37,  38,  39,  40],\n",
       "       [ 41,  42,  43,  44,  45,  46,  47,  48,  49,  50],\n",
       "       [ 51,  52,  53,  54,  55,  56,  57,  58,  59,  60],\n",
       "       [ 61,  62,  63,  64,  65,  66,  67,  68,  69,  70],\n",
       "       [ 71,  72,  73,  74,  75,  76,  77,  78,  79,  80],\n",
       "       [ 81,  82,  83,  84,  85,  86,  87,  88,  89,  90],\n",
       "       [ 91,  92,  93,  94,  95,  96,  97,  98,  99, 100]])"
      ]
     },
     "execution_count": 11,
     "metadata": {},
     "output_type": "execute_result"
    }
   ],
   "source": [
    "mx[::]"
   ]
  },
  {
   "cell_type": "code",
   "execution_count": 12,
   "id": "0b249e91",
   "metadata": {},
   "outputs": [
    {
     "data": {
      "text/plain": [
       "4"
      ]
     },
     "execution_count": 12,
     "metadata": {},
     "output_type": "execute_result"
    }
   ],
   "source": [
    "mx.itemsize"
   ]
  },
  {
   "cell_type": "code",
   "execution_count": 13,
   "id": "508d5c27",
   "metadata": {},
   "outputs": [
    {
     "data": {
      "text/plain": [
       "2"
      ]
     },
     "execution_count": 13,
     "metadata": {},
     "output_type": "execute_result"
    }
   ],
   "source": [
    "mx.ndim"
   ]
  },
  {
   "cell_type": "code",
   "execution_count": 14,
   "id": "553c7e47",
   "metadata": {},
   "outputs": [
    {
     "data": {
      "text/plain": [
       "dtype('int32')"
      ]
     },
     "execution_count": 14,
     "metadata": {},
     "output_type": "execute_result"
    }
   ],
   "source": [
    "mx.dtype"
   ]
  },
  {
   "cell_type": "code",
   "execution_count": 15,
   "id": "b8006945",
   "metadata": {},
   "outputs": [
    {
     "name": "stdout",
     "output_type": "stream",
     "text": [
      "[[ 1  2  3  4]\n",
      " [ 5  6  7  8]\n",
      " [ 9 10 11 12]\n",
      " [13 14 15 16]]\n"
     ]
    }
   ],
   "source": [
    "mx2=np.arange(1,17).reshape(4,4)\n",
    "print(mx2)"
   ]
  },
  {
   "cell_type": "code",
   "execution_count": 16,
   "id": "496d839c",
   "metadata": {},
   "outputs": [
    {
     "name": "stdout",
     "output_type": "stream",
     "text": [
      "[[17 18 19 20]\n",
      " [21 22 23 24]\n",
      " [25 26 27 28]\n",
      " [29 30 31 32]]\n"
     ]
    }
   ],
   "source": [
    "mx3=np.arange(17,33).reshape(4,4)\n",
    "print(mx3)"
   ]
  },
  {
   "cell_type": "code",
   "execution_count": 19,
   "id": "ec52c1bc",
   "metadata": {},
   "outputs": [
    {
     "data": {
      "text/plain": [
       "array([[ 1,  2,  3,  4],\n",
       "       [ 5,  6,  7,  8],\n",
       "       [ 9, 10, 11, 12],\n",
       "       [13, 14, 15, 16],\n",
       "       [17, 18, 19, 20],\n",
       "       [21, 22, 23, 24],\n",
       "       [25, 26, 27, 28],\n",
       "       [29, 30, 31, 32]])"
      ]
     },
     "execution_count": 19,
     "metadata": {},
     "output_type": "execute_result"
    }
   ],
   "source": [
    "np.concatenate((mx2,mx3))"
   ]
  },
  {
   "cell_type": "code",
   "execution_count": 20,
   "id": "419efe0f",
   "metadata": {},
   "outputs": [
    {
     "data": {
      "text/plain": [
       "array([[ 1,  2,  3,  4, 17, 18, 19, 20],\n",
       "       [ 5,  6,  7,  8, 21, 22, 23, 24],\n",
       "       [ 9, 10, 11, 12, 25, 26, 27, 28],\n",
       "       [13, 14, 15, 16, 29, 30, 31, 32]])"
      ]
     },
     "execution_count": 20,
     "metadata": {},
     "output_type": "execute_result"
    }
   ],
   "source": [
    "np.concatenate((mx2,mx3),axis=1)"
   ]
  },
  {
   "cell_type": "code",
   "execution_count": 21,
   "id": "b8213c5f",
   "metadata": {},
   "outputs": [
    {
     "data": {
      "text/plain": [
       "array([[ 1,  2,  3,  4, 17, 18, 19, 20,  1,  2,  3,  4],\n",
       "       [ 5,  6,  7,  8, 21, 22, 23, 24,  5,  6,  7,  8],\n",
       "       [ 9, 10, 11, 12, 25, 26, 27, 28,  9, 10, 11, 12],\n",
       "       [13, 14, 15, 16, 29, 30, 31, 32, 13, 14, 15, 16]])"
      ]
     },
     "execution_count": 21,
     "metadata": {},
     "output_type": "execute_result"
    }
   ],
   "source": [
    "np.hstack((mx2,mx3,mx2))"
   ]
  },
  {
   "cell_type": "code",
   "execution_count": 26,
   "id": "8a04d7a4",
   "metadata": {},
   "outputs": [
    {
     "data": {
      "text/plain": [
       "[array([[1, 2, 3, 4]]),\n",
       " array([[5, 6, 7, 8]]),\n",
       " array([[ 9, 10, 11, 12]]),\n",
       " array([[13, 14, 15, 16]])]"
      ]
     },
     "execution_count": 26,
     "metadata": {},
     "output_type": "execute_result"
    }
   ],
   "source": [
    "np.split(mx2,4)"
   ]
  },
  {
   "cell_type": "code",
   "execution_count": 29,
   "id": "2596b013",
   "metadata": {},
   "outputs": [
    {
     "name": "stdout",
     "output_type": "stream",
     "text": [
      "[1 2 3 4 5]\n"
     ]
    }
   ],
   "source": [
    "mx4 = np.array([1,2,3,4,5])\n",
    "print(mx4)"
   ]
  },
  {
   "cell_type": "code",
   "execution_count": 30,
   "id": "67f106bf",
   "metadata": {},
   "outputs": [
    {
     "data": {
      "text/plain": [
       "[array([1]), array([2, 3]), array([4]), array([5])]"
      ]
     },
     "execution_count": 30,
     "metadata": {},
     "output_type": "execute_result"
    }
   ],
   "source": [
    "np.split(mx4,[1,3,4])"
   ]
  },
  {
   "cell_type": "code",
   "execution_count": null,
   "id": "87808ffd",
   "metadata": {},
   "outputs": [],
   "source": []
  }
 ],
 "metadata": {
  "kernelspec": {
   "display_name": "Python 3",
   "language": "python",
   "name": "python3"
  },
  "language_info": {
   "codemirror_mode": {
    "name": "ipython",
    "version": 3
   },
   "file_extension": ".py",
   "mimetype": "text/x-python",
   "name": "python",
   "nbconvert_exporter": "python",
   "pygments_lexer": "ipython3",
   "version": "3.8.8"
  }
 },
 "nbformat": 4,
 "nbformat_minor": 5
}
